astra_pitch_joint: -1.709888611319716
astra_roll_joint: -0.03317175087061976
astra_x_joint: -0.1091688099417914
astra_y_joint: 0.08605446337616215
astra_yaw_joint: -1.559130928360378
astra_z_joint: 0.0354739273220207
target_frame_pitch_joint: -0.1015926535897942
target_frame_roll_joint: 0.1274604944624207
target_frame_x_joint: 0.7650810927544168
target_frame_y_joint: 0.1749798302594913
target_frame_yaw_joint: -4.893975656236139
target_frame_z_joint: 0.1019345484417233